position1: 
    x: -0.25268971163
    y: -0.820511445067
    z: 0.239448450265



position2: 
    x: -0.39162538084
    y: -0.824739567392
    z: -0.23538602972


position3: 
    x: -0.816849635051
    y: -0.823030719479
    z: 0.0266529172954
